version https://git-lfs.github.com/spec/v1
oid sha256:18164cec6b6ad3a92b5f4cf5749384973b2d47aa45411ea033ea4f93f6afb7f1
size 831064
